Name,Address,Location,Category,Additional Info,page
Benvenuti Giacomo,Via Manin,Mestre,Vini (grossisti),Category: Vetri industriali,317
Bertocco Giuseppe,Via Tesera 430,Favaro Veneto,Vini (grossisti),Category: Vetri industriali,317
Biscontini Cristiano,"Via Tesera 430, Dorsoduro 992",Lido,Vini (grossisti),Category: Vetri industriali,317
Bolla F.lli,S. Salvatore 5228,Lido,Vini (grossisti),Category: Vetri industriali,317
Bonecchi Valente,"S. Salvatore 5228, S. Polo 2759",Lido,Vini (grossisti),Category: Vetri industriali,317
Bonotto P. A e Figli,Premiate Cantine S. Polo di Piave (Treviso),Deposito di Venezia, S. Cassiano," Calle della Regina,  2198 A, , ",317
Breda Pasquale,Via Cappuccina 32,Mestre,Vini (grossisti),Category: Vetri industriali,317
Calò Giovanni,"Cannaregio, 5224 - 25 e 1305",Lido,Vini (grossisti),Category: Vetri industriali,317
Canena Angelo,"Cannaregio, 5224 - 25 e 1305, Castello 6165",Lido,Vini (grossisti),Category: Vetri industriali,317
Cantina Sociale Coop. di Tezze di Piave,Castello 5490,Lido,Vini (grossisti),Category: Vetri industriali,317
Ca-bonem. Achille,"Castello 5490, Castello 4682 A",Lido,Vini (grossisti),Category: Vetri industriali,317
Carrer Giuseppe,"Castello 5490, Castello 4682 A",Favaro loc. Dese,Vini (grossisti),Category: Vetri industriali,317
Cattapan Basilio ed Elia Luigi,Via Palazzo 4,Mestre,Vini (grossisti),Category: Vetri industriali,317
Cazzador Mario,Via Gazzera al Forte 24,Mestre,Vini (grossisti),Category: Vetri industriali,317
Cecchetti Giacomo,Via Cattapan 121,Mestre,Vini (grossisti),Category: Vetri industriali,317
Cecchiciano Angelo,Via Cattapan 121,Carpenedo,Vini (grossisti),Category: Vetri industriali,317
Cestari Bianca,Via Com. Zugna,Mestre,Vini (grossisti),Category: Vetri industriali,317
Colonna Andrea,"Via Com. Zugna, Cannaregio 3289",Lido,Vini (grossisti),Category: Vetri industriali,317
Colussi Eugenio e Figli,"Via Com. Zugna, Cannaregio 3289, Cann. 1697 A",Lido,Vini (grossisti),Category: Vetri industriali,317
Coag.regazione Armena,"Via Com. Zugna, Cannaregio 3289, Cann. 1697 A", Bura,Vini (grossisti),Mechitaristi,317
Cons. Martino,Depos. 5,Lido,Vini (grossisti),Category: Vetri industriali,317
Consorzio Veneziano Importazione Vini — Soc. a. r. l.,Santa Croce 89,Lido,Vini (grossisti),Category: Vetri industriali,317
Costantini Emilio,Via Pontinello 187,Burano,Vini (grossisti),Category: Vetri industriali,317
Costantini Gino,"Murano fdm, Vetrai 47-B",Lido,Vini (grossisti),Category: Vetri industriali,317
Crosera Rosina ved. Foschi,"Murano fdm, Vetrai 47-B, Castello 5032",Lido,Vini (grossisti),Category: Vetri industriali,317
Dalla Venezia Giovanni,"Murano fdm, Vetrai 47-B, Castello 5032, Cannaregio 1506",Lido,Vini (grossisti),Category: Vetri industriali,317
Del Rossi Luigi Vittorio,"Murano fdm, Vetrai 47-B, Castello 5032, Cannaregio 1506",Burano Cavanna,Vini (grossisti),Category: Vetri industriali,317
De Re Santina,Via Calvi,Marghera,Vini (grossisti),Category: Vetri industriali,317
De Vita Bartolomeo e Figli,"Via Calvi, Cann. 1334 C",Lido,Vini (grossisti),Category: Vetri industriali,317
Distilleria Maraschinio e liquori,Romano Via ​hoy. Castello 6041,Lido,Vini (grossisti),Category: Vetri industriali,317
Fanucchi Emilio,"Romano Via ​hoy. Castello 6041, Castello 5997 B",Lido,Vini (grossisti),Category: Vetri industriali,317
F.lli Guadalupi di Carmelo,"Campo Manin, 4458",Lido,Vini (grossisti),"Vini Marsala,  Vermouth,  Olii,  Aceto,  Tel. 22-555,  Depositl; S. Zan Degola,  Tel. 24-871,  S. Maria,  Tel. 22-218",317
F.lli Moe,"Campo Manin, 4458, Ca. sa fondata nel 1878",Lido, S. Croce,"Ruga Belia,  1084, Telef. 22.622,  Depositi: S. Mar. t 8,  Telefono 22.218. | Negozianti e produttori vini",317
Foschi Francesco,fond. S. Lorenzo 5082,Lido,Vini (grossisti),Category: Vetri industriali,317
Girardi Antonio,Via Olivi 21,Mestre,Vini (grossisti),Category: Vetri industriali,317
Girardi Ugo,"Via Olivi 21, Castello 4972",Lido,Vini (grossisti),Category: Vetri industriali,317
Gottardo F.lli,Via C. Battisti 545,Mestre,Vini (grossisti),Category: Vetri industriali,317
Gottardo Vittorio,Via Ospedale,Mestre,Vini (grossisti),Category: Vetri industriali,317
Guadagnì Maria,Via Dante 111,Mestre,Vini (grossisti),Category: Vetri industriali,317
Guadalupe F.lli,"Via Dante 111, S. Marco 4283",Lido,Vini (grossisti),Category: Vetri industriali,317
La Gatta Desiderio,"Via Dante 111, S. Marco 4283, Cannaregio 5903",Lido,Vini (grossisti),Category: Vetri industriali,317
Lambert Pompeo,Via Michel.,Lido,Vini (grossisti),Category: Vetri industriali,317
Lewotorto Giuseppe,Via Zambecari,Mestre,Vini (grossisti),Category: Vetri industriali,317
Levorato Giulio,Via E. Vendemia 13,Mestre,Vini (grossisti),Category: Vetri industriali,317
Marangon Giulio,"Via E. Vendemia 13, S. Marco 5295",Lido,Vini (grossisti),Category: Vetri industriali,317
Marcheotti A. & S.,San Moisè 2155,Lido,Telefono 25.926,Category: Vetri industriali,317
Marin Pierina,Via Saluzzo 38,Mestre,Vini (grossisti),Category: Vetri industriali,317
Mariotti Ameda,Via Malamocco 554,Lido,Vini (grossisti),Category: Vetri industriali,317
Martire Umberto,"Via Malamocco 554, Cannaregio 2432",Lido,Vini (grossisti),Category: Vetri industriali,317
Meo F.lli,"Via Malamocco 554, Cannaregio 2432, S. Croce 1084",Lido,Vini (grossisti),Category: Vetri industriali,317
Milanesi Giovani,Via Macello 19,Mestre,Vini (grossisti),Category: Vetri industriali,317
Montanari Italo,Calle del Sale 19,Mestre,Vini (grossisti),Category: Vetri industriali,317
Moressa Luigi,"Calle del Sale 19, Castello 5773",Lido,Vini (grossisti),Category: Vetri industriali,317
Morzato Guerino,Via del Prato 28,Mestre,Vini (grossisti),Category: Vetri industriali,317
Muecint Giovanni,"Via del Prato 28, S. Polo 165",Lido,Vini (grossisti),Category: Vetri industriali,317
Munarinì rag. Guido,"Via del Prato 28, S. Polo 165, Cannaregio 6131",Lido,Vini (grossisti),Category: Vetri industriali,317
Oren Per Spanò A. D.,Duro 2426,Lido,Vini (grossisti),Category: Vetri industriali,317
Ortin Lino,Via Rossarol 10,Marghera,Vini (grossisti),Category: Vetri industriali,317
Paganelli F.lli,"Via Rossarol 10, Castello 4644-4687. A",Lido,Vini (grossisti),Category: Vetri industriali,317
Pavarin Vio Silvio,"Via Rossarol 10, Castello 4644-4687. A, Dorsoduro 2959",Lido,Vini (grossisti),Category: Vetri industriali,317
Pegolo Umberto di Federico,"Via Rossarol 10, Castello 4644-4687. A, Dorsoduro 2959, 734",Lido,Vini (grossisti),"Vini,  Liquori,  Alimentari,  Rappresentanze e Depositi,  Tel. 25-061 | S. Simeone",317
Pinto Francesco e Lorenzo,"Via Rossarol 10, Castello 4644-4687. A, Dorsoduro 2959, 734, Cannaregio 2803",Lido,Vini (grossisti),Category: Vetri industriali,317
Prearo Giov. Luigi,Via Pescheria Vecchio 20,Mestre,Vini (grossisti),Category: Vetri industriali,317
Reffo Giovanni,Via Pescheria Vecchia 2,Mestre,Vini (grossisti),Category: Vetri industriali,317
Ridolfi Arnaldo e Vio Emilio,"Via Pescheria Vecchia 2, S. Croce 782",Lido,Vini (grossisti),Category: Vetri industriali,317
Rizzo Giovanni Secondo,"Via Pescheria Vecchia 2, S. Croce 782, S. Marco 3711",Lido,Vini (grossisti),Category: Vetri industriali,317
Rizzo Osvaldo (ditta),"Via Pescheria Vecchia 2, S. Croce 782, S. Marco 3711, Castello 4919",Lido,Vini (grossisti),Category: Vetri industriali,317
Sandri Giuseppe,"Lido, Via Marin Sanudo S. Marco 181 A",Lido,Vini (grossisti),Category: Vetri industriali,317
Sanin Giorgio,Via Poerio 64,Mestre,Vini (grossisti),Category: Vetri industriali,317
S. A. Tenuta Valbruna,Via Poerio 64, Castello, 4424,Tel. 23-871 | Vini,317
Scarpa Augusto,Via Poerio 64,Murano,Vini (grossisti),Category: Vetri industriali,317
Schezzeri Giovanni,"Via Poerio 64, Cannaregio 5689",Lido,Vini (grossisti),Category: Vetri industriali,317
Sparla Maria Franca Florio,Cantine 2 Mori, Rialto, 429,Tel. 25-401,317
Storelli Domenico,"Cantine 2 Mori, Castello 3540",Lido,Vini (grossisti),Category: Vetri industriali,317
Tenute Valbruna S. A.,"Cantine 2 Mori, Castello 3540, Castello 4424",Lido,Vini (grossisti),Category: Vetri industriali,317
Tocchetto Mario,Via Torre Belf. 90,Mestre,Vini (grossisti),Category: Vetri industriali,317
Tomachio Riccardo,"Via Torre Belf. 90, Cannaregio 2322",Lido,Vini (grossisti),Category: Vetri industriali,317
Tonolio Antonio,Via Circonvallazione,Mestre,Vini (grossisti),Category: Vetri industriali,317
Toppo Oreste (eredi),S. Margherita 3675,Lido,Vini (grossisti),Category: Vetri industriali,317
Vallini cav. Guido,"S. Margherita 3675, S. Polo 1806",Lido,Vini (grossisti),Category: Vetri industriali,317
Ventura Francesco,"S. Margherita 3675, S. Polo 1806",Carpenedo,Vini (grossisti),Category: Vetri industriali,317
Vinicola Olearia Italiana,"S. Margherita 3675, S. Polo 1806",Lido,San Marco 181 A,Soc. a. r. l.,317
Zambon Cesare succ. F.lli Zambon,"S. Margherita 3675, S. Polo 1806, Santa Croce 512",Lido,Vini (grossisti),Category: Vetri industriali,317
Zane Creodone,"S. Margherita 3675, S. Polo 1806, Santa Croce 512, del Principe 218",Lido,Vini (grossisti),Burano cl,317
Zane Emilio,"S. Margherita 3675, S. Polo 1806, Santa Croce 512, del Principe 218, S. Polo 1462",Lido,Vini (grossisti),Category: Vetri industriali,317