Name,Address,Category,Additional Info,page
ING. C. OLIVETTI & C. S.P.A.,S. Marco Bacino Orseolo 1224,Macchine per ufficio,"Macchine per scrivere da ufficio e portatili, Macchine addizionatrici e moltiplicatrici, Macchine Telewriters, Schedari metallici Synthesis, Nastri, carta carbone, accessori per uffici, Servizio tecnico di assistenza ai clienti",105
SCUOLA DI DATTILOGRAFIA,Campo Manin 4233,,,105